0, 1, 2.48
0, 2, 2.50
0, 3, 2.99
0, 4, 3.65
0, 5, 3.25
0, 6, 3.73
0, 7, 4.92
0, 8, 6.71
0, 9, 11.12
0, 10, 13.08
0, 11, 14.75
0, 12, 16.39
0, 13, 14.40
0, 14, 19.58
0, 15, 18.43
0, 16, 14.82
0, 17, 14.74
0, 18, 19.46
0, 19, 19.06
0, 20, 18.14
0, 21, 17.71
0, 22, 20.30
0, 23, 19.06
0, 24, 19.71
0, 25, 19.08
0, 26, 18.94
0, 27, 21.11
0, 28, 22.15
0, 29, 19.15
0, 30, 19.94
0, 31, 23.12
0, 32, 18.27
0, 33, 17.88
0, 34, 21.55
0, 35, 22.04
0, 36, 21.46
0, 37, 20.76
0, 38, 19.96
0, 39, 19.53
0, 40, 18.70
0, 41, 19.00
0, 42, 20.64
0, 43, 19.90
0, 44, 20.39
0, 45, 18.27
0, 46, 18.89
0, 47, 17.66
0, 48, 20.41
0, 49, 19.33
0, 50, 20.00
0, 51, 19.82
0, 52, 18.06
0, 53, 19.43
0, 54, 19.90
0, 55, 19.78
0, 56, 19.97
0, 57, 21.50
0, 58, 19.17
0, 59, 21.18
0, 60, 17.10
0, 61, 19.50
0, 62, 18.59
0, 63, 20.92
0, 64, 16.14
0, 65, 17.88
0, 66, 18.10
0, 67, 20.05
0, 68, 18.78
0, 69, 20.56
0, 70, 19.13
0, 71, 24.86
0, 72, 20.17
0, 73, 22.60
0, 74, 23.47
0, 75, 21.42
0, 76, 25.13
0, 77, 27.97
0, 78, 25.92
0, 79, 26.92
0, 80, 29.22
0, 81, 28.42
0, 82, 28.04
0, 83, 28.92
0, 84, 25.84
0, 85, 26.18
0, 86, 26.72
0, 87, 26.99
0, 88, 28.36
0, 89, 26.55
0, 90, 28.10
0, 91, 27.50
0, 92, 26.27
0, 93, 26.79
0, 94, 26.72
0, 95, 26.56
0, 96, 25.59
0, 97, 26.60
0, 98, 26.59
0, 99, 28.39
0, 100, 29.61
0, 101, 26.09
0, 102, 24.42
0, 103, 24.10
0, 104, 26.31
0, 105, 25.92
0, 106, 26.66
0, 107, 24.44
0, 108, 26.10
0, 109, 25.00
0, 110, 23.15
0, 111, 24.42
0, 112, 23.81
0, 113, 23.44
0, 114, 24.70
0, 115, 26.05
0, 116, 29.05
0, 117, 26.89
0, 118, 24.40
0, 119, 25.41
1, 0, 2.48
1, 2, 0.53
1, 3, 1.86
1, 4, 2.55
1, 5, 2.45
1, 6, 3.16
1, 7, 5.44
1, 8, 6.66
1, 9, 10.93
1, 10, 12.73
1, 11, 15.40
1, 12, 16.97
1, 13, 14.20
1, 14, 18.26
1, 15, 17.39
1, 16, 14.54
1, 17, 14.14
1, 18, 18.66
1, 19, 19.53
1, 20, 19.03
1, 21, 18.60
1, 22, 21.03
1, 23, 19.87
1, 24, 20.74
1, 25, 19.86
1, 26, 19.74
1, 27, 21.84
1, 28, 22.65
1, 29, 19.58
1, 30, 20.64
1, 31, 23.27
1, 32, 18.28
1, 33, 18.60
1, 34, 22.31
1, 35, 22.97
1, 36, 22.04
1, 37, 21.50
1, 38, 20.75
1, 39, 20.43
1, 40, 19.41
1, 41, 19.64
1, 42, 21.13
1, 43, 20.44
1, 44, 21.02
1, 45, 18.69
1, 46, 19.11
1, 47, 17.98
1, 48, 20.88
1, 49, 19.71
1, 50, 20.29
1, 51, 20.01
1, 52, 18.31
1, 53, 19.75
1, 54, 20.03
1, 55, 19.85
1, 56, 20.19
1, 57, 21.60
1, 58, 19.41
1, 59, 21.53
1, 60, 17.47
1, 61, 19.74
1, 62, 18.70
1, 63, 21.29
1, 64, 16.63
1, 65, 18.27
1, 66, 18.61
1, 67, 21.05
1, 68, 19.38
1, 69, 20.95
1, 70, 19.14
1, 71, 24.37
1, 72, 20.18
1, 73, 22.57
1, 74, 23.54
1, 75, 21.86
1, 76, 25.46
1, 77, 28.65
1, 78, 26.94
1, 79, 27.67
1, 80, 29.80
1, 81, 29.11
1, 82, 28.68
1, 83, 29.57
1, 84, 26.71
1, 85, 26.77
1, 86, 27.39
1, 87, 27.72
1, 88, 29.05
1, 89, 27.25
1, 90, 28.98
1, 91, 28.34
1, 92, 27.10
1, 93, 27.71
1, 94, 27.54
1, 95, 27.26
1, 96, 26.49
1, 97, 27.36
1, 98, 27.34
1, 99, 29.20
1, 100, 30.32
1, 101, 26.78
1, 102, 25.39
1, 103, 25.05
1, 104, 27.15
1, 105, 26.61
1, 106, 27.44
1, 107, 25.33
1, 108, 26.94
1, 109, 25.75
1, 110, 23.95
1, 111, 25.18
1, 112, 24.46
1, 113, 24.40
1, 114, 25.52
1, 115, 26.72
1, 116, 29.74
1, 117, 27.62
1, 118, 25.19
1, 119, 26.02
1, 120, 25.77
2, 0, 2.50
2, 1, 0.53
2, 3, 1.77
2, 4, 2.51
2, 5, 2.50
2, 6, 3.06
2, 7, 5.36
2, 8, 6.65
2, 9, 10.91
2, 10, 12.69
2, 11, 15.36
2, 12, 16.88
2, 13, 14.13
2, 14, 18.23
2, 15, 17.36
2, 16, 14.49
2, 17, 14.20
2, 18, 18.59
2, 19, 19.52
2, 20, 18.97
2, 21, 18.59
2, 22, 20.95
2, 23, 19.82
2, 24, 20.68
2, 25, 19.82
2, 26, 19.69
2, 27, 21.77
2, 28, 22.58
2, 29, 19.51
2, 30, 20.62
2, 31, 23.23
2, 32, 18.27
2, 33, 18.58
2, 34, 22.27
2, 35, 22.90
2, 36, 22.00
2, 37, 21.47
2, 38, 20.76
2, 39, 20.42
2, 40, 19.40
2, 41, 19.63
2, 42, 21.09
2, 43, 20.40
2, 44, 21.01
2, 45, 18.72
2, 46, 19.13
2, 47, 18.01
2, 48, 20.89
2, 49, 19.72
2, 50, 20.30
2, 51, 20.00
2, 52, 18.36
2, 53, 19.77
2, 54, 20.09
2, 55, 19.88
2, 56, 20.19
2, 57, 21.58
2, 58, 19.41
2, 59, 21.50
2, 60, 17.55
2, 61, 19.76
2, 62, 18.73
2, 63, 21.31
2, 64, 16.62
2, 65, 18.22
2, 66, 18.56
2, 67, 20.91
2, 68, 19.30
2, 69, 20.88
2, 70, 19.08
2, 71, 24.29
2, 72, 20.11
2, 73, 22.44
2, 74, 23.42
2, 75, 21.73
2, 76, 25.38
2, 77, 28.56
2, 78, 26.86
2, 79, 27.54
2, 80, 29.66
2, 81, 29.03
2, 82, 28.62
2, 83, 29.50
2, 84, 26.65
2, 85, 26.71
2, 86, 27.32
2, 87, 27.65
2, 88, 28.97
2, 89, 27.13
2, 90, 28.84
2, 91, 28.26
2, 92, 27.02
2, 93, 27.62
2, 94, 27.44
2, 95, 27.15
2, 96, 26.39
2, 97, 27.25
2, 98, 27.21
2, 99, 29.10
2, 100, 30.22
2, 101, 26.67
2, 102, 25.28
2, 103, 24.94
2, 104, 27.04
2, 105, 26.50
2, 106, 27.33
2, 107, 25.21
2, 108, 26.81
2, 109, 25.64
2, 110, 23.84
2, 111, 25.07
2, 112, 24.33
2, 113, 24.24
2, 114, 25.37
2, 115, 26.57
2, 116, 29.60
2, 117, 27.50
2, 118, 25.08
2, 119, 25.93
2, 120, 25.64
2, 121, 25.80
3, 0, 2.99
3, 1, 1.86
3, 2, 1.77
3, 4, 2.55
3, 5, 2.82
3, 6, 3.02
3, 7, 5.37
3, 8, 6.94
3, 9, 10.85
3, 10, 12.84
3, 11, 15.22
3, 12, 16.67
3, 13, 13.88
3, 14, 18.01
3, 15, 17.10
3, 16, 14.39
3, 17, 14.01
3, 18, 17.88
3, 19, 18.94
3, 20, 18.53
3, 21, 18.16
3, 22, 20.36
3, 23, 19.33
3, 24, 20.19
3, 25, 19.34
3, 26, 19.31
3, 27, 21.43
3, 28, 22.26
3, 29, 19.12
3, 30, 20.18
3, 31, 22.64
3, 32, 17.73
3, 33, 18.31
3, 34, 21.78
3, 35, 22.45
3, 36, 21.54
3, 37, 21.13
3, 38, 20.43
3, 39, 20.11
3, 40, 19.26
3, 41, 19.40
3, 42, 20.83
3, 43, 20.02
3, 44, 20.78
3, 45, 18.28
3, 46, 18.75
3, 47, 17.63
3, 48, 20.43
3, 49, 19.14
3, 50, 19.79
3, 51, 19.50
3, 52, 17.89
3, 53, 19.40
3, 54, 19.72
3, 55, 19.42
3, 56, 19.89
3, 57, 21.14
3, 58, 18.97
3, 59, 20.98
3, 60, 17.16
3, 61, 19.16
3, 62, 18.24
3, 63, 20.79
3, 64, 16.17
3, 65, 17.84
3, 66, 18.10
3, 67, 20.47
3, 68, 18.92
3, 69, 20.71
3, 70, 18.94
3, 71, 24.04
3, 72, 19.81
3, 73, 22.16
3, 74, 23.13
3, 75, 21.59
3, 76, 25.16
3, 77, 28.45
3, 78, 26.82
3, 79, 27.45
3, 80, 29.47
3, 81, 28.93
3, 82, 28.57
3, 83, 29.39
3, 84, 26.61
3, 85, 26.74
3, 86, 27.37
3, 87, 27.63
3, 88, 28.95
3, 89, 27.14
3, 90, 28.81
3, 91, 28.23
3, 92, 26.96
3, 93, 27.58
3, 94, 27.32
3, 95, 27.03
3, 96, 26.46
3, 97, 27.20
3, 98, 27.18
3, 99, 29.05
3, 100, 30.14
3, 101, 26.55
3, 102, 25.13
3, 103, 24.89
3, 104, 27.01
3, 105, 26.46
3, 106, 27.27
3, 107, 25.08
3, 108, 26.73
3, 109, 25.55
3, 110, 23.76
3, 111, 24.84
3, 112, 24.10
3, 113, 24.32
3, 114, 25.25
3, 115, 26.53
3, 116, 29.50
3, 117, 27.38
3, 118, 25.17
3, 119, 25.76
3, 120, 25.52
3, 121, 25.65
3, 122, 28.01
4, 0, 3.65
4, 1, 2.55
4, 2, 2.51
4, 3, 2.55
4, 5, 1.55
4, 6, 2.33
4, 7, 5.36
4, 8, 6.74
4, 9, 10.11
4, 10, 12.36
4, 11, 14.88
4, 12, 16.35
4, 13, 13.72
4, 14, 18.11
4, 15, 17.07
4, 16, 14.34
4, 17, 14.08
4, 18, 17.86
4, 19, 19.14
4, 20, 18.78
4, 21, 18.46
4, 22, 20.64
4, 23, 19.32
4, 24, 20.28
4, 25, 19.56
4, 26, 19.64
4, 27, 21.62
4, 28, 22.47
4, 29, 19.36
4, 30, 20.35
4, 31, 22.70
4, 32, 17.95
4, 33, 18.70
4, 34, 22.27
4, 35, 22.90
4, 36, 22.00
4, 37, 21.53
4, 38, 20.89
4, 39, 20.37
4, 40, 19.74
4, 41, 20.02
4, 42, 21.36
4, 43, 20.54
4, 44, 21.29
4, 45, 18.67
4, 46, 19.02
4, 47, 18.11
4, 48, 20.95
4, 49, 19.67
4, 50, 20.31
4, 51, 19.83
4, 52, 18.23
4, 53, 19.73
4, 54, 20.21
4, 55, 19.92
4, 56, 20.50
4, 57, 21.62
4, 58, 19.45
4, 59, 21.65
4, 60, 17.53
4, 61, 19.57
4, 62, 18.48
4, 63, 21.06
4, 64, 16.65
4, 65, 18.32
4, 66, 18.74
4, 67, 21.23
4, 68, 19.60
4, 69, 21.31
4, 70, 19.40
4, 71, 24.44
4, 72, 20.04
4, 73, 22.89
4, 74, 24.10
4, 75, 22.16
4, 76, 25.91
4, 77, 29.05
4, 78, 27.42
4, 79, 27.96
4, 80, 30.04
4, 81, 29.43
4, 82, 29.26
4, 83, 30.03
4, 84, 27.14
4, 85, 27.23
4, 86, 27.85
4, 87, 27.81
4, 88, 29.11
4, 89, 27.38
4, 90, 28.99
4, 91, 28.52
4, 92, 27.26
4, 93, 27.83
4, 94, 27.73
4, 95, 27.48
4, 96, 26.67
4, 97, 27.43
4, 98, 27.39
4, 99, 29.28
4, 100, 30.53
4, 101, 26.84
4, 102, 25.42
4, 103, 25.26
4, 104, 27.38
4, 105, 26.71
4, 106, 27.45
4, 107, 25.29
4, 108, 26.91
4, 109, 25.87
4, 110, 23.76
4, 111, 25.05
4, 112, 24.35
4, 113, 24.47
4, 114, 25.55
4, 115, 26.77
4, 116, 29.70
4, 117, 27.77
4, 118, 25.31
4, 119, 25.98
4, 120, 25.61
4, 121, 25.73
4, 122, 28.18
4, 123, 28.83
5, 0, 3.25
5, 1, 2.45
5, 2, 2.50
5, 3, 2.82
5, 4, 1.55
5, 6, 2.46
5, 7, 5.37
5, 8, 6.70
5, 9, 10.24
5, 10, 12.40
5, 11, 14.94
5, 12, 16.58
5, 13, 14.03
5, 14, 18.45
5, 15, 17.30
5, 16, 14.45
5, 17, 14.09
5, 18, 18.31
5, 19, 19.22
5, 20, 18.80
5, 21, 18.51
5, 22, 20.71
5, 23, 19.43
5, 24, 20.32
5, 25, 19.66
5, 26, 19.67
5, 27, 21.73
5, 28, 22.54
5, 29, 19.55
5, 30, 20.35
5, 31, 22.88
5, 32, 18.08
5, 33, 18.72
5, 34, 22.26
5, 35, 22.90
5, 36, 22.09
5, 37, 21.55
5, 38, 20.77
5, 39, 20.26
5, 40, 19.60
5, 41, 19.89
5, 42, 21.32
5, 43, 20.59
5, 44, 21.20
5, 45, 18.64
5, 46, 19.00
5, 47, 18.11
5, 48, 20.88
5, 49, 19.74
5, 50, 20.35
5, 51, 20.02
5, 52, 18.29
5, 53, 19.81
5, 54, 20.21
5, 55, 20.06
5, 56, 20.54
5, 57, 21.87
5, 58, 19.53
5, 59, 21.80
5, 60, 17.62
5, 61, 19.69
5, 62, 18.63
5, 63, 21.22
5, 64, 16.69
5, 65, 18.56
5, 66, 18.84
5, 67, 21.35
5, 68, 19.73
5, 69, 21.54
5, 70, 19.66
5, 71, 24.79
5, 72, 20.39
5, 73, 23.09
5, 74, 24.13
5, 75, 22.11
5, 76, 25.83
5, 77, 28.84
5, 78, 27.15
5, 79, 27.82
5, 80, 29.97
5, 81, 29.25
5, 82, 29.05
5, 83, 29.84
5, 84, 26.90
5, 85, 27.07
5, 86, 27.62
5, 87, 27.67
5, 88, 28.95
5, 89, 27.26
5, 90, 28.88
5, 91, 28.31
5, 92, 27.06
5, 93, 27.63
5, 94, 27.59
5, 95, 27.34
5, 96, 26.55
5, 97, 27.35
5, 98, 27.33
5, 99, 29.16
5, 100, 30.38
5, 101, 26.78
5, 102, 25.41
5, 103, 25.23
5, 104, 27.33
5, 105, 26.74
5, 106, 27.47
5, 107, 25.26
5, 108, 26.88
5, 109, 25.83
5, 110, 23.75
5, 111, 25.12
5, 112, 24.38
5, 113, 24.47
5, 114, 25.58
5, 115, 26.82
5, 116, 29.74
5, 117, 27.75
5, 118, 25.23
5, 119, 25.98
5, 120, 25.77
5, 121, 25.92
5, 122, 28.37
5, 123, 28.87
5, 124, 27.55
6, 0, 3.73
6, 1, 3.16
6, 2, 3.06
6, 3, 3.02
6, 4, 2.33
6, 5, 2.46
6, 7, 5.16
6, 8, 6.80
6, 9, 10.14
6, 10, 12.27
6, 11, 14.73
6, 12, 15.90
6, 13, 13.46
6, 14, 18.10
6, 15, 17.17
6, 16, 14.17
6, 17, 14.15
6, 18, 18.18
6, 19, 18.93
6, 20, 18.42
6, 21, 18.20
6, 22, 20.20
6, 23, 19.04
6, 24, 20.11
6, 25, 19.35
6, 26, 19.28
6, 27, 21.24
6, 28, 22.19
6, 29, 19.14
6, 30, 20.07
6, 31, 22.65
6, 32, 17.84
6, 33, 18.43
6, 34, 21.84
6, 35, 22.38
6, 36, 21.79
6, 37, 21.30
6, 38, 20.53
6, 39, 20.02
6, 40, 19.42
6, 41, 19.74
6, 42, 21.10
6, 43, 20.22
6, 44, 21.11
6, 45, 18.54
6, 46, 18.90
6, 47, 18.07
6, 48, 20.66
6, 49, 19.40
6, 50, 20.07
6, 51, 19.72
6, 52, 18.16
6, 53, 19.52
6, 54, 20.08
6, 55, 19.91
6, 56, 20.34
6, 57, 21.67
6, 58, 19.34
6, 59, 21.57
6, 60, 17.57
6, 61, 19.43
6, 62, 18.54
6, 63, 21.02
6, 64, 16.71
6, 65, 18.44
6, 66, 18.78
6, 67, 20.84
6, 68, 19.37
6, 69, 21.17
6, 70, 19.44
6, 71, 24.30
6, 72, 19.66
6, 73, 22.22
6, 74, 23.26
6, 75, 21.31
6, 76, 25.00
6, 77, 28.17
6, 78, 26.68
6, 79, 27.26
6, 80, 29.46
6, 81, 28.70
6, 82, 28.51
6, 83, 29.37
6, 84, 26.46
6, 85, 26.53
6, 86, 27.07
6, 87, 27.09
6, 88, 28.30
6, 89, 26.67
6, 90, 28.30
6, 91, 27.80
6, 92, 26.51
6, 93, 27.08
6, 94, 26.93
6, 95, 26.72
6, 96, 25.92
6, 97, 26.59
6, 98, 26.58
6, 99, 28.49
6, 100, 29.61
6, 101, 26.12
6, 102, 24.65
6, 103, 24.57
6, 104, 26.64
6, 105, 25.95
6, 106, 26.67
6, 107, 24.60
6, 108, 26.12
6, 109, 25.10
6, 110, 23.13
6, 111, 24.45
6, 112, 23.81
6, 113, 23.83
6, 114, 24.86
6, 115, 25.97
6, 116, 28.92
6, 117, 26.96
6, 118, 24.58
6, 119, 25.30
6, 120, 25.12
6, 121, 25.21
6, 122, 27.60
6, 123, 28.02
6, 124, 26.69
6, 125, 29.78
7, 0, 4.92
7, 1, 5.44
7, 2, 5.36
7, 3, 5.37
7, 4, 5.36
7, 5, 5.37
7, 6, 5.16
7, 8, 4.17
7, 9, 9.13
7, 10, 12.18
7, 11, 12.59
7, 12, 14.33
7, 13, 13.91
7, 14, 19.36
7, 15, 18.36
7, 16, 14.67
7, 17, 14.97
7, 18, 18.56
7, 19, 18.25
7, 20, 17.37
7, 21, 16.98
7, 22, 19.30
7, 23, 18.06
7, 24, 19.12
7, 25, 18.25
7, 26, 18.30
7, 27, 20.28
7, 28, 21.13
7, 29, 18.35
7, 30, 18.84
7, 31, 22.36
7, 32, 17.53
7, 33, 17.44
7, 34, 20.77
7, 35, 21.39
7, 36, 20.81
7, 37, 20.28
7, 38, 19.55
7, 39, 19.10
7, 40, 18.32
7, 41, 18.61
7, 42, 19.92
7, 43, 19.39
7, 44, 20.20
7, 45, 17.73
7, 46, 17.86
7, 47, 17.22
7, 48, 19.78
7, 49, 18.57
7, 50, 19.65
7, 51, 18.94
7, 52, 17.21
7, 53, 18.31
7, 54, 19.30
7, 55, 19.11
7, 56, 19.20
7, 57, 20.27
7, 58, 18.52
7, 59, 20.59
7, 60, 16.63
7, 61, 19.05
7, 62, 18.32
7, 63, 19.75
7, 64, 15.69
7, 65, 17.41
7, 66, 17.42
7, 67, 19.21
7, 68, 18.35
7, 69, 19.60
7, 70, 18.34
7, 71, 23.77
7, 72, 18.98
7, 73, 21.76
7, 74, 23.06
7, 75, 20.78
7, 76, 24.44
7, 77, 27.53
7, 78, 25.61
7, 79, 26.21
7, 80, 28.90
7, 81, 27.75
7, 82, 27.55
7, 83, 28.51
7, 84, 25.52
7, 85, 25.70
7, 86, 26.15
7, 87, 26.21
7, 88, 27.46
7, 89, 25.78
7, 90, 27.16
7, 91, 26.81
7, 92, 25.61
7, 93, 26.14
7, 94, 25.85
7, 95, 25.76
7, 96, 24.87
7, 97, 25.86
7, 98, 25.92
7, 99, 27.60
7, 100, 28.68
7, 101, 25.34
7, 102, 23.78
7, 103, 23.60
7, 104, 25.50
7, 105, 25.38
7, 106, 25.99
7, 107, 23.51
7, 108, 25.07
7, 109, 24.12
7, 110, 22.44
7, 111, 23.83
7, 112, 23.26
7, 113, 22.71
7, 114, 23.94
7, 115, 25.25
7, 116, 28.06
7, 117, 25.96
7, 118, 23.72
7, 119, 24.77
7, 120, 24.67
7, 121, 24.85
7, 122, 27.43
7, 123, 27.36
7, 124, 26.01
7, 125, 28.74
7, 126, 29.96
8, 0, 6.71
8, 1, 6.66
8, 2, 6.65
8, 3, 6.94
8, 4, 6.74
8, 5, 6.70
8, 6, 6.80
8, 7, 4.17
8, 9, 7.42
8, 10, 10.76
8, 11, 11.75
8, 12, 13.85
8, 13, 13.96
8, 14, 18.49
8, 15, 17.50
8, 16, 14.68
8, 17, 14.69
8, 18, 18.38
8, 19, 18.38
8, 20, 18.00
8, 21, 17.65
8, 22, 19.66
8, 23, 18.07
8, 24, 19.45
8, 25, 18.65
8, 26, 18.74
8, 27, 20.32
8, 28, 21.02
8, 29, 17.92
8, 30, 19.13
8, 31, 22.58
8, 32, 17.45
8, 33, 17.95
8, 34, 21.51
8, 35, 21.96
8, 36, 21.48
8, 37, 21.06
8, 38, 20.21
8, 39, 19.77
8, 40, 18.51
8, 41, 18.89
8, 42, 20.15
8, 43, 19.78
8, 44, 20.32
8, 45, 17.62
8, 46, 17.72
8, 47, 17.41
8, 48, 20.16
8, 49, 18.99
8, 50, 19.82
8, 51, 19.06
8, 52, 17.10
8, 53, 18.04
8, 54, 18.71
8, 55, 18.72
8, 56, 19.09
8, 57, 20.11
8, 58, 18.20
8, 59, 20.96
8, 60, 16.54
8, 61, 18.73
8, 62, 17.79
8, 63, 19.06
8, 64, 15.49
8, 65, 17.36
8, 66, 17.46
8, 67, 19.97
8, 68, 18.70
8, 69, 20.00
8, 70, 18.72
8, 71, 23.61
8, 72, 19.28
8, 73, 22.55
8, 74, 24.19
8, 75, 21.81
8, 76, 25.33
8, 77, 28.65
8, 78, 26.93
8, 79, 27.47
8, 80, 30.36
8, 81, 29.12
8, 82, 28.64
8, 83, 29.64
8, 84, 26.88
8, 85, 26.77
8, 86, 27.08
8, 87, 27.31
8, 88, 28.52
8, 89, 26.90
8, 90, 28.30
8, 91, 27.98
8, 92, 26.89
8, 93, 27.28
8, 94, 26.91
8, 95, 26.85
8, 96, 25.75
8, 97, 26.99
8, 98, 26.97
8, 99, 28.54
8, 100, 29.50
8, 101, 26.53
8, 102, 25.31
8, 103, 24.85
8, 104, 26.64
8, 105, 26.62
8, 106, 27.05
8, 107, 24.88
8, 108, 26.18
8, 109, 25.42
8, 110, 23.92
8, 111, 25.33
8, 112, 24.81
8, 113, 24.11
8, 114, 25.30
8, 115, 26.42
8, 116, 28.82
8, 117, 27.09
8, 118, 24.88
8, 119, 26.03
8, 120, 25.94
8, 121, 26.18
8, 122, 28.48
8, 123, 28.19
8, 124, 26.96
8, 125, 29.43
8, 126, 30.87
8, 127, 26.77
9, 0, 11.12
9, 1, 10.93
9, 2, 10.91
9, 3, 10.85
9, 4, 10.11
9, 5, 10.24
9, 6, 10.14
9, 7, 9.13
9, 8, 7.42
9, 10, 7.92
9, 11, 9.03
9, 12, 10.97
9, 13, 15.51
9, 14, 19.40
9, 15, 17.68
9, 16, 17.00
9, 17, 16.62
9, 18, 19.01
9, 19, 18.92
9, 20, 18.92
9, 21, 19.15
9, 22, 19.14
9, 23, 17.13
9, 24, 19.62
9, 25, 19.62
9, 26, 19.90
9, 27, 20.43
9, 28, 21.25
9, 29, 18.28
9, 30, 19.44
9, 31, 22.36
9, 32, 17.28
9, 33, 20.02
9, 34, 22.05
9, 35, 22.29
9, 36, 22.65
9, 37, 22.17
9, 38, 21.41
9, 39, 20.71
9, 40, 19.54
9, 41, 20.19
9, 42, 20.75
9, 43, 20.21
9, 44, 20.80
9, 45, 17.91
9, 46, 17.77
9, 47, 17.87
9, 48, 19.79
9, 49, 18.89
9, 50, 19.18
9, 51, 18.83
9, 52, 17.16
9, 53, 17.72
9, 54, 19.20
9, 55, 18.39
9, 56, 19.66
9, 57, 20.37
9, 58, 18.45
9, 59, 22.20
9, 60, 17.21
9, 61, 17.77
9, 62, 16.77
9, 63, 18.45
9, 64, 16.51
9, 65, 18.87
9, 66, 18.56
9, 67, 21.81
9, 68, 20.11
9, 69, 22.03
9, 70, 20.60
9, 71, 24.68
9, 72, 19.90
9, 73, 23.90
9, 74, 25.33
9, 75, 23.10
9, 76, 26.69
9, 77, 29.92
9, 78, 28.65
9, 79, 28.96
9, 80, 31.73
9, 81, 30.69
9, 82, 30.53
9, 83, 31.24
9, 84, 28.87
9, 85, 28.67
9, 86, 29.04
9, 87, 28.94
9, 88, 29.96
9, 89, 28.50
9, 90, 29.50
9, 91, 29.44
9, 92, 28.26
9, 93, 28.67
9, 94, 28.38
9, 95, 27.98
9, 96, 27.09
9, 97, 27.86
9, 98, 27.87
9, 99, 29.36
9, 100, 30.55
9, 101, 27.86
9, 102, 27.21
9, 103, 26.93
9, 104, 28.36
9, 105, 27.99
9, 106, 28.08
9, 107, 26.08
9, 108, 27.09
9, 109, 26.86
9, 110, 25.37
9, 111, 27.09
9, 112, 26.48
9, 113, 25.80
9, 114, 26.69
9, 115, 27.34
9, 116, 29.33
9, 117, 28.45
9, 118, 26.35
9, 119, 27.66
9, 120, 27.77
9, 121, 27.53
9, 122, 29.75
9, 123, 29.35
9, 124, 28.31
9, 125, 30.15
9, 126, 31.76
9, 127, 28.40
9, 128, 26.60
10, 0, 13.08
10, 1, 12.73
10, 2, 12.69
10, 3, 12.84
10, 4, 12.36
10, 5, 12.40
10, 6, 12.27
10, 7, 12.18
10, 8, 10.76
10, 9, 7.92
10, 11, 9.30
10, 12, 10.75
10, 13, 15.87
10, 14, 18.93
10, 15, 15.98
10, 16, 17.21
10, 17, 15.81
10, 18, 19.85
10, 19, 18.44
10, 20, 19.17
10, 21, 19.44
10, 22, 18.42
10, 23, 16.95
10, 24, 19.66
10, 25, 19.31
10, 26, 19.81
10, 27, 19.45
10, 28, 19.42
10, 29, 16.90
10, 30, 19.14
10, 31, 21.18
10, 32, 16.58
10, 33, 19.75
10, 34, 21.26
10, 35, 21.39
10, 36, 21.32
10, 37, 21.16
10, 38, 21.44
10, 39, 20.55
10, 40, 18.59
10, 41, 19.15
10, 42, 19.13
10, 43, 18.50
10, 44, 18.60
10, 45, 16.75
10, 46, 16.72
10, 47, 16.70
10, 48, 19.31
10, 49, 18.37
10, 50, 17.98
10, 51, 17.40
10, 52, 16.49
10, 53, 17.43
10, 54, 18.46
10, 55, 17.80
10, 56, 18.92
10, 57, 19.40
10, 58, 16.91
10, 59, 20.68
10, 60, 17.06
10, 61, 17.30
10, 62, 16.10
10, 63, 18.65
10, 64, 16.03
10, 65, 17.64
10, 66, 18.69
10, 67, 22.05
10, 68, 18.64
10, 69, 21.11
10, 70, 19.35
10, 71, 22.77
10, 72, 18.69
10, 73, 22.03
10, 74, 23.99
10, 75, 21.35
10, 76, 24.99
10, 77, 28.38
10, 78, 27.32
10, 79, 27.79
10, 80, 30.90
10, 81, 29.98
10, 82, 29.47
10, 83, 30.48
10, 84, 28.27
10, 85, 27.47
10, 86, 28.09
10, 87, 28.34
10, 88, 29.63
10, 89, 27.69
10, 90, 29.00
10, 91, 29.41
10, 92, 28.08
10, 93, 28.54
10, 94, 27.58
10, 95, 27.21
10, 96, 26.98
10, 97, 27.27
10, 98, 27.23
10, 99, 29.34
10, 100, 30.29
10, 101, 27.52
10, 102, 27.01
10, 103, 26.10
10, 104, 27.82
10, 105, 27.27
10, 106, 27.36
10, 107, 25.73
10, 108, 26.82
10, 109, 26.55
10, 110, 24.97
10, 111, 26.66
10, 112, 25.88
10, 113, 25.56
10, 114, 26.25
10, 115, 26.55
10, 116, 28.58
10, 117, 27.71
10, 118, 25.66
10, 119, 27.09
10, 120, 26.83
10, 121, 26.40
10, 122, 28.36
10, 123, 28.77
10, 124, 27.36
10, 125, 29.55
10, 126, 31.01
10, 127, 28.18
10, 128, 25.99
10, 129, 28.06
11, 0, 14.75
11, 1, 15.40
11, 2, 15.36
11, 3, 15.22
11, 4, 14.88
11, 5, 14.94
11, 6, 14.73
11, 7, 12.59
11, 8, 11.75
11, 9, 9.03
11, 10, 9.30
11, 12, 6.81
11, 13, 17.41
11, 14, 22.99
11, 15, 20.22
11, 16, 19.14
11, 17, 18.72
11, 18, 21.50
11, 19, 18.17
11, 20, 17.48
11, 21, 17.06
11, 22, 16.81
11, 23, 14.91
11, 24, 17.28
11, 25, 17.58
11, 26, 18.61
11, 27, 18.44
11, 28, 19.02
11, 29, 16.80
11, 30, 17.08
11, 31, 21.77
11, 32, 17.77
11, 33, 18.09
11, 34, 19.40
11, 35, 19.46
11, 36, 21.21
11, 37, 20.47
11, 38, 19.99
11, 39, 19.28
11, 40, 18.43
11, 41, 18.99
11, 42, 19.34
11, 43, 18.10
11, 44, 18.08
11, 45, 16.58
11, 46, 16.66
11, 47, 16.82
11, 48, 18.28
11, 49, 17.34
11, 50, 17.89
11, 51, 17.45
11, 52, 15.90
11, 53, 16.09
11, 54, 18.75
11, 55, 17.76
11, 56, 18.63
11, 57, 19.00
11, 58, 17.13
11, 59, 20.28
11, 60, 15.83
11, 61, 16.81
11, 62, 15.79
11, 63, 16.82
11, 64, 15.04
11, 65, 17.12
11, 66, 16.58
11, 67, 19.72
11, 68, 17.77
11, 69, 19.95
11, 70, 19.27
11, 71, 24.42
11, 72, 19.22
11, 73, 23.26
11, 74, 25.12
11, 75, 21.82
11, 76, 25.59
11, 77, 28.26
11, 78, 26.28
11, 79, 27.25
11, 80, 30.38
11, 81, 29.17
11, 82, 29.14
11, 83, 29.71
11, 84, 27.26
11, 85, 27.32
11, 86, 27.84
11, 87, 27.55
11, 88, 29.03
11, 89, 27.08
11, 90, 27.61
11, 91, 27.99
11, 92, 26.78
11, 93, 26.82
11, 94, 26.36
11, 95, 26.59
11, 96, 25.64
11, 97, 26.38
11, 98, 26.25
11, 99, 27.79
11, 100, 29.00
11, 101, 26.40
11, 102, 25.54
11, 103, 25.08
11, 104, 26.53
11, 105, 26.61
11, 106, 26.40
11, 107, 23.85
11, 108, 25.10
11, 109, 25.01
11, 110, 23.66
11, 111, 25.50
11, 112, 24.98
11, 113, 24.10
11, 114, 24.93
11, 115, 25.64
11, 116, 27.03
11, 117, 26.38
11, 118, 25.00
11, 119, 26.39
11, 120, 26.29
11, 121, 25.90
11, 122, 28.58
11, 123, 27.76
11, 124, 26.27
11, 125, 28.17
11, 126, 29.79
11, 127, 26.96
11, 128, 25.00
11, 129, 25.75
11, 130, 25.28
12, 0, 16.39
12, 1, 16.97
12, 2, 16.88
12, 3, 16.67
12, 4, 16.35
12, 5, 16.58
12, 6, 15.90
12, 7, 14.33
12, 8, 13.85
12, 9, 10.97
12, 10, 10.75
12, 11, 6.81
12, 13, 16.75
12, 14, 22.77
12, 15, 20.06
12, 16, 19.47
12, 17, 18.90
12, 18, 21.51
12, 19, 17.98
12, 20, 17.30
12, 21, 16.91
12, 22, 16.31
12, 23, 14.54
12, 24, 17.36
12, 25, 17.20
12, 26, 18.40
12, 27, 18.09
12, 28, 18.25
12, 29, 16.47
12, 30, 17.35
12, 31, 21.98
12, 32, 17.57
12, 33, 18.53
12, 34, 19.48
12, 35, 19.23
12, 36, 21.25
12, 37, 20.73
12, 38, 20.70
12, 39, 19.59
12, 40, 19.15
12, 41, 19.53
12, 42, 19.46
12, 43, 17.94
12, 44, 18.59
12, 45, 17.44
12, 46, 17.51
12, 47, 17.82
12, 48, 19.08
12, 49, 17.92
12, 50, 18.61
12, 51, 17.53
12, 52, 16.36
12, 53, 16.38
12, 54, 18.99
12, 55, 17.96
12, 56, 18.82
12, 57, 19.02
12, 58, 17.65
12, 59, 20.42
12, 60, 17.07
12, 61, 17.62
12, 62, 16.26
12, 63, 17.16
12, 64, 15.59
12, 65, 16.97
12, 66, 17.19
12, 67, 19.97
12, 68, 18.22
12, 69, 19.61
12, 70, 19.53
12, 71, 23.79
12, 72, 18.67
12, 73, 22.87
12, 74, 25.42
12, 75, 21.77
12, 76, 25.68
12, 77, 28.50
12, 78, 26.80
12, 79, 27.79
12, 80, 31.49
12, 81, 29.85
12, 82, 30.00
12, 83, 31.06
12, 84, 27.88
12, 85, 28.04
12, 86, 29.03
12, 87, 27.81
12, 88, 29.60
12, 89, 27.84
12, 90, 27.81
12, 91, 28.55
12, 92, 27.32
12, 93, 27.12
12, 94, 26.60
12, 95, 26.72
12, 96, 25.90
12, 97, 26.85
12, 98, 26.57
12, 99, 27.89
12, 100, 29.20
12, 101, 26.59
12, 102, 25.58
12, 103, 25.21
12, 104, 26.76
12, 105, 26.78
12, 106, 26.61
12, 107, 23.96
12, 108, 25.36
12, 109, 25.32
12, 110, 23.92
12, 111, 25.33
12, 112, 25.18
12, 113, 24.62
12, 114, 25.35
12, 115, 25.82
12, 116, 27.39
12, 117, 26.24
12, 118, 25.38
12, 119, 26.88
12, 120, 26.25
12, 121, 25.78
12, 122, 28.70
12, 123, 27.96
12, 124, 26.28
12, 125, 28.22
12, 126, 29.95
12, 127, 27.34
12, 128, 25.12
12, 129, 26.10
12, 130, 25.65
12, 131, 27.87
13, 0, 14.40
13, 1, 14.20
13, 2, 14.13
13, 3, 13.88
13, 4, 13.72
13, 5, 14.03
13, 6, 13.46
13, 7, 13.91
13, 8, 13.96
13, 9, 15.51
13, 10, 15.87
13, 11, 17.41
13, 12, 16.75
13, 14, 15.79
13, 15, 15.39
13, 16, 11.09
13, 17, 12.87
13, 18, 14.71
13, 19, 15.94
13, 20, 16.73
13, 21, 17.04
13, 22, 18.63
13, 23, 17.12
13, 24, 17.47
13, 25, 16.54
13, 26, 16.65
13, 27, 18.92
13, 28, 19.80
13, 29, 15.52
13, 30, 17.64
13, 31, 21.14
13, 32, 16.99
13, 33, 17.94
13, 34, 20.35
13, 35, 21.13
13, 36, 20.45
13, 37, 20.52
13, 38, 20.57
13, 39, 19.47
13, 40, 19.12
13, 41, 19.17
13, 42, 20.31
13, 43, 19.10
13, 44, 20.26
13, 45, 18.46
13, 46, 19.13
13, 47, 18.24
13, 48, 20.42
13, 49, 19.11
13, 50, 19.82
13, 51, 18.28
13, 52, 17.58
13, 53, 18.89
13, 54, 19.11
13, 55, 19.79
13, 56, 20.42
13, 57, 20.72
13, 58, 18.95
13, 59, 20.55
13, 60, 18.03
13, 61, 19.40
13, 62, 18.56
13, 63, 20.99
13, 64, 16.96
13, 65, 18.39
13, 66, 19.03
13, 67, 20.50
13, 68, 19.21
13, 69, 18.73
13, 70, 19.87
13, 71, 23.10
13, 72, 17.77
13, 73, 20.58
13, 74, 22.80
13, 75, 19.95
13, 76, 23.08
13, 77, 27.53
13, 78, 26.78
13, 79, 27.01
13, 80, 29.52
13, 81, 28.19
13, 82, 28.51
13, 83, 30.07
13, 84, 26.52
13, 85, 26.85
13, 86, 28.03
13, 87, 27.22
13, 88, 28.45
13, 89, 26.67
13, 90, 28.16
13, 91, 27.99
13, 92, 26.83
13, 93, 26.98
13, 94, 25.93
13, 95, 26.14
13, 96, 26.29
13, 97, 27.48
13, 98, 26.88
13, 99, 27.93
13, 100, 28.52
13, 101, 25.82
13, 102, 24.93
13, 103, 24.36
13, 104, 26.53
13, 105, 26.57
13, 106, 26.98
13, 107, 23.70
13, 108, 25.58
13, 109, 24.99
13, 110, 24.22
13, 111, 24.62
13, 112, 24.57
13, 113, 24.67
13, 114, 24.69
13, 115, 26.11
13, 116, 27.82
13, 117, 25.30
13, 118, 25.30
13, 119, 26.03
13, 120, 25.54
13, 121, 25.81
13, 122, 28.86
13, 123, 27.89
13, 124, 26.14
13, 125, 28.44
13, 126, 29.67
13, 127, 26.75
13, 128, 24.47
13, 129, 26.18
13, 130, 26.04
13, 131, 28.38
13, 132, 28.35
14, 0, 19.58
14, 1, 18.26
14, 2, 18.23
14, 3, 18.01
14, 4, 18.11
14, 5, 18.45
14, 6, 18.10
14, 7, 19.36
14, 8, 18.49
14, 9, 19.40
14, 10, 18.93
14, 11, 22.99
14, 12, 22.77
14, 13, 15.79
14, 15, 10.47
14, 16, 14.55
14, 17, 13.03
14, 18, 13.36
14, 19, 21.62
14, 20, 23.31
14, 21, 23.63
14, 22, 24.82
14, 23, 23.55
14, 24, 25.62
14, 25, 24.09
14, 26, 23.81
14, 27, 24.82
14, 28, 23.58
14, 29, 20.64
14, 30, 24.93
14, 31, 25.64
14, 32, 20.24
14, 33, 24.57
14, 34, 26.22
14, 35, 27.93
14, 36, 25.77
14, 37, 26.12
14, 38, 26.55
14, 39, 26.12
14, 40, 24.26
14, 41, 24.39
14, 42, 25.05
14, 43, 24.15
14, 44, 24.60
14, 45, 22.68
14, 46, 21.73
14, 47, 22.11
14, 48, 25.25
14, 49, 23.98
14, 50, 23.23
14, 51, 22.57
14, 52, 21.58
14, 53, 22.83
14, 54, 22.16
14, 55, 21.85
14, 56, 23.18
14, 57, 23.92
14, 58, 22.19
14, 59, 23.77
14, 60, 21.23
14, 61, 22.57
14, 62, 21.25
14, 63, 24.23
14, 64, 20.61
14, 65, 22.39
14, 66, 23.89
14, 67, 27.88
14, 68, 23.72
14, 69, 24.31
14, 70, 23.04
14, 71, 23.76
14, 72, 22.84
14, 73, 24.30
14, 74, 26.03
14, 75, 24.77
14, 76, 27.89
14, 77, 32.74
14, 78, 33.02
14, 79, 32.90
14, 80, 35.13
14, 81, 34.21
14, 82, 33.86
14, 83, 34.95
14, 84, 32.78
14, 85, 32.49
14, 86, 33.27
14, 87, 33.96
14, 88, 34.89
14, 89, 33.45
14, 90, 35.20
14, 91, 34.70
14, 92, 33.65
14, 93, 33.87
14, 94, 32.72
14, 95, 33.12
14, 96, 33.28
14, 97, 34.19
14, 98, 33.96
14, 99, 35.29
14, 100, 35.14
14, 101, 32.70
14, 102, 32.31
14, 103, 32.53
14, 104, 33.75
14, 105, 33.67
14, 106, 34.10
14, 107, 32.03
14, 108, 33.57
14, 109, 32.79
14, 110, 32.14
14, 111, 32.26
14, 112, 31.80
14, 113, 32.68
14, 114, 32.48
14, 115, 33.48
14, 116, 34.90
14, 117, 32.91
14, 118, 32.36
14, 119, 32.53
14, 120, 33.36
14, 121, 33.65
14, 122, 35.56
14, 123, 35.24
14, 124, 33.22
14, 125, 35.17
14, 126, 36.51
14, 127, 33.54
14, 128, 31.28
14, 129, 34.32
14, 130, 34.63
14, 131, 35.23
14, 132, 35.84
14, 133, 34.00
15, 0, 18.43
15, 1, 17.39
15, 2, 17.36
15, 3, 17.10
15, 4, 17.07
15, 5, 17.30
15, 6, 17.17
15, 7, 18.36
15, 8, 17.50
15, 9, 17.68
15, 10, 15.98
15, 11, 20.22
15, 12, 20.06
15, 13, 15.39
15, 14, 10.47
15, 16, 12.18
15, 17, 10.90
15, 18, 12.89
15, 19, 19.72
15, 20, 20.30
15, 21, 20.36
15, 22, 21.48
15, 23, 20.94
15, 24, 22.24
15, 25, 21.08
15, 26, 21.06
15, 27, 21.99
15, 28, 20.70
15, 29, 18.02
15, 30, 21.46
15, 31, 23.35
15, 32, 18.33
15, 33, 21.77
15, 34, 22.92
15, 35, 24.61
15, 36, 22.48
15, 37, 23.07
15, 38, 24.04
15, 39, 23.03
15, 40, 21.14
15, 41, 21.30
15, 42, 21.91
15, 43, 20.35
15, 44, 21.08
15, 45, 20.24
15, 46, 19.43
15, 47, 19.05
15, 48, 21.85
15, 49, 21.16
15, 50, 19.64
15, 51, 18.77
15, 52, 18.96
15, 53, 20.82
15, 54, 20.91
15, 55, 20.56
15, 56, 21.92
15, 57, 22.65
15, 58, 20.19
15, 59, 21.00
15, 60, 19.10
15, 61, 20.27
15, 62, 18.68
15, 63, 22.51
15, 64, 18.19
15, 65, 20.62
15, 66, 22.39
15, 67, 26.49
15, 68, 21.81
15, 69, 22.17
15, 70, 20.70
15, 71, 22.77
15, 72, 20.26
15, 73, 22.57
15, 74, 25.12
15, 75, 22.13
15, 76, 25.77
15, 77, 30.81
15, 78, 30.38
15, 79, 30.92
15, 80, 33.63
15, 81, 32.65
15, 82, 32.43
15, 83, 33.45
15, 84, 30.85
15, 85, 30.90
15, 86, 32.17
15, 87, 32.46
15, 88, 33.53
15, 89, 31.83
15, 90, 33.42
15, 91, 32.46
15, 92, 31.50
15, 93, 31.67
15, 94, 30.84
15, 95, 31.20
15, 96, 31.67
15, 97, 33.03
15, 98, 32.42
15, 99, 33.75
15, 100, 33.94
15, 101, 31.10
15, 102, 30.78
15, 103, 30.85
15, 104, 32.21
15, 105, 32.14
15, 106, 32.72
15, 107, 30.26
15, 108, 32.13
15, 109, 31.36
15, 110, 30.17
15, 111, 30.33
15, 112, 29.81
15, 113, 31.13
15, 114, 30.78
15, 115, 32.20
15, 116, 33.63
15, 117, 31.27
15, 118, 30.81
15, 119, 31.11
15, 120, 31.60
15, 121, 31.87
15, 122, 34.38
15, 123, 34.40
15, 124, 31.99
15, 125, 34.15
15, 126, 35.13
15, 127, 32.34
15, 128, 29.99
15, 129, 33.30
15, 130, 33.35
15, 131, 34.15
15, 132, 34.75
15, 133, 32.85
15, 134, 32.13
16, 0, 14.82
16, 1, 14.54
16, 2, 14.49
16, 3, 14.39
16, 4, 14.34
16, 5, 14.45
16, 6, 14.17
16, 7, 14.67
16, 8, 14.68
16, 9, 17.00
16, 10, 17.21
16, 11, 19.14
16, 12, 19.47
16, 13, 11.09
16, 14, 14.55
16, 15, 12.18
16, 17, 8.68
16, 18, 13.88
16, 19, 16.60
16, 20, 15.49
16, 21, 15.62
16, 22, 19.32
16, 23, 17.63
16, 24, 18.32
16, 25, 16.64
16, 26, 16.06
16, 27, 18.47
16, 28, 19.38
16, 29, 16.29
16, 30, 17.33
16, 31, 21.96
16, 32, 17.24
16, 33, 17.36
16, 34, 19.58
16, 35, 21.37
16, 36, 19.84
16, 37, 19.59
16, 38, 19.56
16, 39, 18.68
16, 40, 17.89
16, 41, 18.11
16, 42, 19.53
16, 43, 18.28
16, 44, 19.69
16, 45, 18.90
16, 46, 18.32
16, 47, 17.59
16, 48, 19.54
16, 49, 18.82
16, 50, 18.43
16, 51, 17.55
16, 52, 17.44
16, 53, 19.38
16, 54, 20.22
16, 55, 20.65
16, 56, 20.54
16, 57, 22.14
16, 58, 19.48
16, 59, 20.27
16, 60, 18.30
16, 61, 20.14
16, 62, 19.22
16, 63, 22.36
16, 64, 17.09
16, 65, 19.35
16, 66, 20.33
16, 67, 22.33
16, 68, 20.16
16, 69, 19.16
16, 70, 19.99
16, 71, 23.67
16, 72, 19.19
16, 73, 21.05
16, 74, 22.80
16, 75, 18.70
16, 76, 22.51
16, 77, 26.78
16, 78, 25.79
16, 79, 26.84
16, 80, 29.95
16, 81, 28.41
16, 82, 28.29
16, 83, 29.70
16, 84, 26.50
16, 85, 27.21
16, 86, 28.00
16, 87, 27.92
16, 88, 28.93
16, 89, 27.34
16, 90, 29.02
16, 91, 28.03
16, 92, 27.10
16, 93, 26.99
16, 94, 26.57
16, 95, 27.91
16, 96, 27.19
16, 97, 29.03
16, 98, 28.79
16, 99, 29.35
16, 100, 29.60
16, 101, 26.72
16, 102, 25.58
16, 103, 25.67
16, 104, 27.51
16, 105, 28.28
16, 106, 28.80
16, 107, 25.55
16, 108, 27.45
16, 109, 26.95
16, 110, 26.22
16, 111, 25.81
16, 112, 25.85
16, 113, 26.25
16, 114, 26.31
16, 115, 28.53
16, 116, 29.61
16, 117, 26.97
16, 118, 26.30
16, 119, 26.96
16, 120, 26.78
16, 121, 27.76
16, 122, 31.11
16, 123, 29.48
16, 124, 27.60
16, 125, 30.54
16, 126, 31.08
16, 127, 27.95
16, 128, 25.64
16, 129, 27.61
16, 130, 28.16
16, 131, 31.00
16, 132, 30.34
16, 133, 29.00
16, 134, 28.46
16, 135, 31.21
17, 0, 14.74
17, 1, 14.14
17, 2, 14.20
17, 3, 14.01
17, 4, 14.08
17, 5, 14.09
17, 6, 14.15
17, 7, 14.97
17, 8, 14.69
17, 9, 16.62
17, 10, 15.81
17, 11, 18.72
17, 12, 18.90
17, 13, 12.87
17, 14, 13.03
17, 15, 10.90
17, 16, 8.68
17, 18, 13.04
17, 19, 15.64
17, 20, 17.06
17, 21, 17.23
17, 22, 19.84
17, 23, 18.15
17, 24, 19.98
17, 25, 18.19
17, 26, 18.09
17, 27, 20.45
17, 28, 20.09
17, 29, 17.76
17, 30, 18.01
17, 31, 21.91
17, 32, 16.32
17, 33, 18.19
17, 34, 19.86
17, 35, 21.60
17, 36, 20.36
17, 37, 20.25
17, 38, 19.67
17, 39, 19.09
17, 40, 18.18
17, 41, 18.13
17, 42, 19.30
17, 43, 18.42
17, 44, 19.46
17, 45, 17.40
17, 46, 16.69
17, 47, 16.72
17, 48, 19.04
17, 49, 18.15
17, 50, 17.76
17, 51, 17.32
17, 52, 16.56
17, 53, 19.02
17, 54, 18.65
17, 55, 19.46
17, 56, 19.81
17, 57, 21.21
17, 58, 18.50
17, 59, 20.15
17, 60, 17.37
17, 61, 18.93
17, 62, 17.64
17, 63, 21.31
17, 64, 16.63
17, 65, 19.49
17, 66, 20.11
17, 67, 23.97
17, 68, 20.73
17, 69, 20.29
17, 70, 19.42
17, 71, 22.72
17, 72, 19.38
17, 73, 21.79
17, 74, 23.55
17, 75, 20.70
17, 76, 24.78
17, 77, 29.21
17, 78, 28.70
17, 79, 29.85
17, 80, 32.71
17, 81, 31.37
17, 82, 31.06
17, 83, 32.37
17, 84, 29.24
17, 85, 29.66
17, 86, 30.63
17, 87, 30.62
17, 88, 31.88
17, 89, 30.14
17, 90, 32.04
17, 91, 31.26
17, 92, 30.11
17, 93, 30.34
17, 94, 29.48
17, 95, 30.29
17, 96, 30.10
17, 97, 31.62
17, 98, 31.55
17, 99, 32.43
17, 100, 32.67
17, 101, 29.56
17, 102, 28.39
17, 103, 28.49
17, 104, 30.58
17, 105, 30.99
17, 106, 31.37
17, 107, 28.60
17, 108, 30.66
17, 109, 29.65
17, 110, 28.37
17, 111, 28.54
17, 112, 28.29
17, 113, 29.37
17, 114, 29.58
17, 115, 31.34
17, 116, 32.73
17, 117, 30.05
17, 118, 29.27
17, 119, 29.70
17, 120, 29.48
17, 121, 29.79
17, 122, 33.08
17, 123, 32.90
17, 124, 30.65
17, 125, 33.37
17, 126, 34.32
17, 127, 30.64
17, 128, 27.88
17, 129, 30.18
17, 130, 30.75
17, 131, 32.65
17, 132, 33.43
17, 133, 31.60
17, 134, 31.10
17, 135, 34.55
17, 136, 29.65
18, 0, 19.46
18, 1, 18.66
18, 2, 18.59
18, 3, 17.88
18, 4, 17.86
18, 5, 18.31
18, 6, 18.18
18, 7, 18.56
18, 8, 18.38
18, 9, 19.01
18, 10, 19.85
18, 11, 21.50
18, 12, 21.51
18, 13, 14.71
18, 14, 13.36
18, 15, 12.89
18, 16, 13.88
18, 17, 13.04
18, 19, 17.93
18, 20, 20.52
18, 21, 21.02
18, 22, 22.33
18, 23, 20.74
18, 24, 22.25
18, 25, 21.51
18, 26, 22.09
18, 27, 23.98
18, 28, 23.07
18, 29, 20.04
18, 30, 21.89
18, 31, 23.90
18, 32, 19.05
18, 33, 22.68
18, 34, 23.70
18, 35, 25.39
18, 36, 23.79
18, 37, 24.66
18, 38, 24.93
18, 39, 24.35
18, 40, 23.75
18, 41, 23.62
18, 42, 24.08
18, 43, 22.71
18, 44, 24.74
18, 45, 21.60
18, 46, 20.95
18, 47, 21.44
18, 48, 23.34
18, 49, 22.15
18, 50, 22.19
18, 51, 20.63
18, 52, 20.27
18, 53, 21.55
18, 54, 21.44
18, 55, 21.52
18, 56, 22.76
18, 57, 22.31
18, 58, 21.65
18, 59, 22.94
18, 60, 20.16
18, 61, 20.91
18, 62, 20.05
18, 63, 21.97
18, 64, 19.59
18, 65, 21.75
18, 66, 21.93
18, 67, 25.35
18, 68, 23.20
18, 69, 21.86
18, 70, 21.26
18, 71, 22.23
18, 72, 19.62
18, 73, 22.69
18, 74, 25.81
18, 75, 24.09
18, 76, 27.45
18, 77, 32.31
18, 78, 32.40
18, 79, 31.87
18, 80, 33.90
18, 81, 33.46
18, 82, 33.82
18, 83, 34.45
18, 84, 32.02
18, 85, 32.81
18, 86, 33.70
18, 87, 32.99
18, 88, 33.92
18, 89, 32.56
18, 90, 33.87
18, 91, 33.83
18, 92, 32.98
18, 93, 33.03
18, 94, 31.97
18, 95, 32.32
18, 96, 33.18
18, 97, 33.85
18, 98, 33.21
18, 99, 34.45
18, 100, 34.90
18, 101, 31.94
18, 102, 31.26
18, 103, 31.52
18, 104, 33.14
18, 105, 33.16
18, 106, 33.66
18, 107, 30.38
18, 108, 32.49
18, 109, 32.11
18, 110, 30.71
18, 111, 30.66
18, 112, 30.16
18, 113, 31.70
18, 114, 31.38
18, 115, 32.68
18, 116, 33.71
18, 117, 32.05
18, 118, 32.22
18, 119, 31.81
18, 120, 32.05
18, 121, 32.60
18, 122, 35.01
18, 123, 34.78
18, 124, 32.46
18, 125, 34.34
18, 126, 35.67
18, 127, 32.42
18, 128, 30.16
18, 129, 32.96
18, 130, 32.67
18, 131, 34.26
18, 132, 34.91
18, 133, 32.95
18, 134, 32.44
18, 135, 36.15
18, 136, 32.53
18, 137, 31.92
19, 0, 19.06
19, 1, 19.53
19, 2, 19.52
19, 3, 18.94
19, 4, 19.14
19, 5, 19.22
19, 6, 18.93
19, 7, 18.25
19, 8, 18.38
19, 9, 18.92
19, 10, 18.44
19, 11, 18.17
19, 12, 17.98
19, 13, 15.94
19, 14, 21.62
19, 15, 19.72
19, 16, 16.60
19, 17, 15.64
19, 18, 17.93
19, 20, 10.70
19, 21, 12.99
19, 22, 12.67
19, 23, 11.32
19, 24, 12.90
19, 25, 11.90
19, 26, 13.05
19, 27, 14.96
19, 28, 15.65
19, 29, 13.06
19, 30, 14.32
19, 31, 17.55
19, 32, 15.18
19, 33, 14.83
19, 34, 15.73
19, 35, 15.71
19, 36, 16.02
19, 37, 16.62
19, 38, 16.24
19, 39, 15.77
19, 40, 15.33
19, 41, 15.02
19, 42, 16.50
19, 43, 15.46
19, 44, 16.78
19, 45, 14.10
19, 46, 14.92
19, 47, 14.71
19, 48, 16.54
19, 49, 14.91
19, 50, 16.53
19, 51, 15.16
19, 52, 14.04
19, 53, 15.06
19, 54, 15.21
19, 55, 16.25
19, 56, 16.28
19, 57, 16.57
19, 58, 14.83
19, 59, 17.51
19, 60, 16.19
19, 61, 15.96
19, 62, 16.40
19, 63, 16.29
19, 64, 14.95
19, 65, 16.03
19, 66, 16.57
19, 67, 17.43
19, 68, 15.51
19, 69, 16.30
19, 70, 18.57
19, 71, 22.26
19, 72, 18.11
19, 73, 19.98
19, 74, 21.05
19, 75, 18.69
19, 76, 21.54
19, 77, 24.93
19, 78, 24.15
19, 79, 25.20
19, 80, 28.32
19, 81, 26.64
19, 82, 27.24
19, 83, 28.71
19, 84, 25.47
19, 85, 25.94
19, 86, 27.25
19, 87, 26.29
19, 88, 27.82
19, 89, 25.74
19, 90, 26.80
19, 91, 26.74
19, 92, 25.64
19, 93, 25.82
19, 94, 24.49
19, 95, 25.39
19, 96, 26.09
19, 97, 26.94
19, 98, 26.37
19, 99, 27.33
19, 100, 27.55
19, 101, 25.08
19, 102, 24.29
19, 103, 24.07
19, 104, 25.52
19, 105, 26.85
19, 106, 26.73
19, 107, 23.53
19, 108, 25.19
19, 109, 24.39
19, 110, 23.79
19, 111, 24.53
19, 112, 24.00
19, 113, 24.56
19, 114, 24.70
19, 115, 26.12
19, 116, 27.29
19, 117, 24.76
19, 118, 24.96
19, 119, 25.48
19, 120, 25.82
19, 121, 25.54
19, 122, 28.71
19, 123, 28.37
19, 124, 25.64
19, 125, 27.69
19, 126, 29.51
19, 127, 25.76
19, 128, 24.19
19, 129, 25.29
19, 130, 25.57
19, 131, 28.16
19, 132, 28.46
19, 133, 26.60
19, 134, 25.43
19, 135, 28.33
19, 136, 24.35
19, 137, 25.90
19, 138, 25.52
20, 0, 18.14
20, 1, 19.03
20, 2, 18.97
20, 3, 18.53
20, 4, 18.78
20, 5, 18.80
20, 6, 18.42
20, 7, 17.37
20, 8, 18.00
20, 9, 18.92
20, 10, 19.17
20, 11, 17.48
20, 12, 17.30
20, 13, 16.73
20, 14, 23.31
20, 15, 20.30
20, 16, 15.49
20, 17, 17.06
20, 18, 20.52
20, 19, 10.70
20, 21, 5.76
20, 22, 9.74
20, 23, 9.45
20, 24, 9.06
20, 25, 6.54
20, 26, 7.37
20, 27, 10.11
20, 28, 12.76
20, 29, 11.98
20, 30, 12.74
20, 31, 16.68
20, 32, 14.95
20, 33, 10.88
20, 34, 12.95
20, 35, 13.64
20, 36, 13.10
20, 37, 13.02
20, 38, 13.45
20, 39, 12.15
20, 40, 12.05
20, 41, 12.14
20, 42, 13.87
20, 43, 13.05
20, 44, 15.10
20, 45, 15.41
20, 46, 15.11
20, 47, 13.71
20, 48, 15.03
20, 49, 14.26
20, 50, 15.33
20, 51, 13.62
20, 52, 13.68
20, 53, 14.07
20, 54, 16.25
20, 55, 16.28
20, 56, 15.79
20, 57, 17.17
20, 58, 15.26
20, 59, 15.68
20, 60, 16.12
20, 61, 16.88
20, 62, 16.96
20, 63, 17.57
20, 64, 13.83
20, 65, 14.06
20, 66, 15.46
20, 67, 15.23
20, 68, 14.19
20, 69, 15.21
20, 70, 18.43
20, 71, 24.42
20, 72, 18.73
20, 73, 20.36
20, 74, 21.53
20, 75, 17.08
20, 76, 19.91
20, 77, 22.51
20, 78, 20.27
20, 79, 22.65
20, 80, 26.11
20, 81, 24.19
20, 82, 24.79
20, 83, 26.00
20, 84, 22.15
20, 85, 23.81
20, 86, 25.06
20, 87, 23.93
20, 88, 25.53
20, 89, 23.71
20, 90, 24.13
20, 91, 22.94
20, 92, 22.24
20, 93, 22.32
20, 94, 21.92
20, 95, 23.17
20, 96, 22.43
20, 97, 23.99
20, 98, 23.88
20, 99, 24.53
20, 100, 24.86
20, 101, 22.66
20, 102, 20.95
20, 103, 21.14
20, 104, 22.50
20, 105, 24.08
20, 106, 24.32
20, 107, 20.61
20, 108, 22.17
20, 109, 21.85
20, 110, 21.88
20, 111, 22.01
20, 112, 22.01
20, 113, 21.80
20, 114, 21.41
20, 115, 23.73
20, 116, 24.90
20, 117, 22.55
20, 118, 22.23
20, 119, 23.48
20, 120, 23.60
20, 121, 23.64
20, 122, 28.02
20, 123, 25.63
20, 124, 23.34
20, 125, 25.73
20, 126, 26.47
20, 127, 23.38
20, 128, 22.30
20, 129, 23.03
20, 130, 23.34
20, 131, 27.57
20, 132, 25.74
20, 133, 24.41
20, 134, 23.59
20, 135, 25.66
20, 136, 21.98
20, 137, 23.68
20, 138, 23.09
20, 139, 21.47
21, 0, 17.71
21, 1, 18.60
21, 2, 18.59
21, 3, 18.16
21, 4, 18.46
21, 5, 18.51
21, 6, 18.20
21, 7, 16.98
21, 8, 17.65
21, 9, 19.15
21, 10, 19.44
21, 11, 17.06
21, 12, 16.91
21, 13, 17.04
21, 14, 23.63
21, 15, 20.36
21, 16, 15.62
21, 17, 17.23
21, 18, 21.02
21, 19, 12.99
21, 20, 5.76
21, 22, 10.71
21, 23, 10.85
21, 24, 9.95
21, 25, 7.14
21, 26, 8.43
21, 27, 11.53
21, 28, 13.53
21, 29, 13.04
21, 30, 12.87
21, 31, 18.04
21, 32, 15.58
21, 33, 10.16
21, 34, 13.29
21, 35, 14.47
21, 36, 13.67
21, 37, 13.27
21, 38, 13.74
21, 39, 12.38
21, 40, 12.71
21, 41, 12.81
21, 42, 14.40
21, 43, 13.12
21, 44, 15.11
21, 45, 16.12
21, 46, 15.59
21, 47, 13.94
21, 48, 15.29
21, 49, 14.46
21, 50, 15.90
21, 51, 13.64
21, 52, 13.67
21, 53, 14.23
21, 54, 17.06
21, 55, 16.85
21, 56, 16.41
21, 57, 17.57
21, 58, 15.93
21, 59, 15.85
21, 60, 15.79
21, 61, 17.69
21, 62, 17.34
21, 63, 18.34
21, 64, 14.02
21, 65, 14.32
21, 66, 15.61
21, 67, 15.92
21, 68, 14.42
21, 69, 15.25
21, 70, 18.21
21, 71, 25.04
21, 72, 19.07
21, 73, 21.00
21, 74, 22.66
21, 75, 17.80
21, 76, 20.67
21, 77, 23.41
21, 78, 20.39
21, 79, 23.14
21, 80, 26.74
21, 81, 24.57
21, 82, 24.94
21, 83, 26.11
21, 84, 21.96
21, 85, 24.10
21, 86, 25.50
21, 87, 24.35
21, 88, 25.97
21, 89, 24.11
21, 90, 24.61
21, 91, 23.03
21, 92, 22.42
21, 93, 22.33
21, 94, 22.14
21, 95, 23.55
21, 96, 22.58
21, 97, 24.63
21, 98, 24.52
21, 99, 25.04
21, 100, 25.49
21, 101, 23.16
21, 102, 21.21
21, 103, 21.54
21, 104, 22.95
21, 105, 24.19
21, 106, 24.74
21, 107, 20.91
21, 108, 22.82
21, 109, 22.29
21, 110, 22.26
21, 111, 22.25
21, 112, 22.61
21, 113, 22.37
21, 114, 21.72
21, 115, 24.42
21, 116, 25.85
21, 117, 23.21
21, 118, 22.78
21, 119, 24.00
21, 120, 24.07
21, 121, 23.94
21, 122, 28.67
21, 123, 26.31
21, 124, 23.98
21, 125, 26.34
21, 126, 27.10
21, 127, 23.83
21, 128, 22.24
21, 129, 23.08
21, 130, 23.38
21, 131, 28.27
21, 132, 25.90
21, 133, 24.94
21, 134, 24.19
21, 135, 26.36
21, 136, 22.57
21, 137, 24.05
21, 138, 22.93
21, 139, 21.61
21, 140, 20.24
22, 0, 20.30
22, 1, 21.03
22, 2, 20.95
22, 3, 20.36
22, 4, 20.64
22, 5, 20.71
22, 6, 20.20
22, 7, 19.30
22, 8, 19.66
22, 9, 19.14
22, 10, 18.42
22, 11, 16.81
22, 12, 16.31
22, 13, 18.63
22, 14, 24.82
22, 15, 21.48
22, 16, 19.32
22, 17, 19.84
22, 18, 22.33
22, 19, 12.67
22, 20, 9.74
22, 21, 10.71
22, 23, 9.74
22, 24, 10.49
22, 25, 9.36
22, 26, 10.67
22, 27, 10.45
22, 28, 11.98
22, 29, 11.62
22, 30, 12.92
22, 31, 15.99
22, 32, 15.66
22, 33, 12.75
22, 34, 13.68
22, 35, 13.01
22, 36, 13.60
22, 37, 13.72
22, 38, 14.56
22, 39, 13.73
22, 40, 13.19
22, 41, 13.56
22, 42, 13.92
22, 43, 12.39
22, 44, 13.61
22, 45, 15.43
22, 46, 14.97
22, 47, 14.35
22, 48, 14.53
22, 49, 12.89
22, 50, 14.26
22, 51, 13.20
22, 52, 13.60
22, 53, 13.88
22, 54, 16.80
22, 55, 15.83
22, 56, 15.71
22, 57, 16.49
22, 58, 14.51
22, 59, 15.28
22, 60, 16.90
22, 61, 16.69
22, 62, 17.06
22, 63, 17.29
22, 64, 14.45
22, 65, 13.78
22, 66, 15.45
22, 67, 15.96
22, 68, 14.02
22, 69, 16.82
22, 70, 19.54
22, 71, 24.58
